0.0207307977373114
0.0139495558238293
-0.000848126564424139
-0.00518151803696693
-0.0196907087232748
-0.0268442864625559
0.0250309406577583
0.00479361903717508
0.00712758999599836
-0.012900446998887
-0.0110591497498903
-0.0305811800887902
0.0168005197756439
0.0221737490377173
-0.00475123557731942
-0.00144562833540231
-0.0277218844065232
-0.0233388287300896
0.0257674877548152
-0.00354493699994783
0.000722636783088699
-0.0063745662448447
-0.00272994917250454
-0.0312336182371119
0.0285125603185094
0.0231069666254851
0.00503904928894485
-0.0113800007526908
-0.0286773525731576
-0.0344330723206104
0.0139537808589083
0.0101311940842155
0.0211615868521862
-0.0267732020284987
-0.0164847038546888
-0.0197586916322128
0.155782843976054
0.0568583408031965
-0.0137752590457719
0.00801020550909341
-0.0631880989696522
-0.161456588068862
0.0936208721534662
0.086256198386994
0.0402223917106505
-0.0466310439265564
-0.0914740065487771
-0.100774691834608
0.14043723090597
0.0690065043883707
0.0217405309437232
-0.0272364076752976
-0.075899756650606
-0.144963851431452
0.124142250961515
0.0848299972797196
0.0193272109655114
-0.0256411718488815
-0.0899260817681299
-0.131100347212416
0.127665531313625
0.0722883286288224
0.0295184071523126
-0.0353435166821424
-0.0785921448545237
-0.133294571283477
0.0206260595510367
0.0104142446135972
0.0018934004466275
-0.00937020078133314
-0.0180325427271595
-0.0280413547426198
0.0227144991289034
0.00923058348402692
0.000235745107027046
-0.00770397367507637
-0.0167944890725379
-0.0303823078144209
0.01850631088538
0.0123718525002539
0.0010031083733872
-0.00856399979265402
-0.019802846377436
-0.0256660918205688
0.0228087951744583
0.00769672570454969
-0.000165206537092428
-0.00727555789443367
-0.0152815697310674
-0.0308594856676977
0.0285019229474961
0.0172573512600278
0.00458525740042093
-0.0121733502437868
-0.0245970673692276
-0.0353766525992028
0.0151158971587801
0.0247161755691237
0.00584429581225369
-0.0131342216657374
-0.0325989166763638
-0.0236224728264746
0.149406082676033
0.0491123884758474
0.0113403507844729
-0.0187678910639692
-0.0570853160681384
-0.155573133105901
0.0966692148533331
0.0690220087946691
0.0236166634434272
-0.0311039058593953
-0.0763230283773318
-0.105445928336312
0.137310957768083
0.0788829020410366
0.0199565664215768
-0.027438456466307
-0.0864573982020053
-0.143720560596395
0.123962141198184
0.0739177667311528
0.0253178527808286
-0.0328466554441757
-0.0814512464998146
-0.132038038224819
0.126626107713002
0.0759306286059808
0.0236204529733797
-0.0311121393376685
-0.0834384932894967
-0.133966298703467
0.020357478364556
0.0102085584077072
-0.0091591272686397
-0.0190605357033738
-0.0295947116861877
0.0216831402530337
0.0101275426079951
-0.00032463757882432
-0.00869336598454488
-0.0193397386482798
-0.0306291022379922
0.0161651498326158
0.00918223486809508
0.000455011399267597
-0.00959490949952924
-0.0181327661269799
-0.0252160919346857
0.0248835641206056
0.00836464397294781
-0.00208895011846614
-0.0069110938591385
-0.0176078443798093
-0.034318204048443
0.015023283999008
0.0108434849663184
0.00524130134356525
-0.014431509648707
-0.0198275412533781
-0.0229999239520368
0.0166905010666013
0.0242387107452123
0.00461591354696505
-0.013799766060463
-0.033060472870812
-0.0270085125241343
0.157303674351895
0.0526019556360229
0.00968285403562103
-0.0185679419309923
-0.0618593535135103
-0.165796114210089
0.0965886994880674
0.0712403455291722
0.0221923175087317
-0.0313816217605196
-0.0799874977580328
-0.106013337202269
0.145536291908185
0.0810584904941957
0.0206773440477526
-0.0296223643200736
-0.0902631948843153
-0.154698863989572
0.120674867686238
0.0704805665955215
0.0237015407890954
-0.0328328700168999
-0.0794289583963988
-0.129346588026998
0.125781194501061
0.0739717859843873
0.0261860029482117
-0.0351270526584301
-0.0831127024792758
-0.134999661866185
0.0196716214773362
0.00931015405648719
-0.000872220606638002
-0.00969438437863906
-0.0201488550571329
-0.0301589193732168
0.0210141184050349
0.00953273719392764
-0.00113120923869361
-0.0095617784624692
-0.0200202697492103
-0.0316167878244876
0.0145055168012861
0.00820229003620417
-0.000287331237471978
-0.0102787665704937
-0.0190184670812907
-0.0255528115536648
0.0260914525124645
0.00782581175915304
-0.0029296822535005
-0.00782874810466864
-0.0182445230801126
-0.0356890801275097
0.0106844574307703
0.00982073078589641
0.00453834568083112
-0.0149846139629538
-0.0207409400488587
-0.0235421490150245
0.0191472789971771
0.0230055437920955
0.0042502570246938
-0.0148325993709029
-0.0338933768810022
-0.027404801204646
0.156878973436268
0.0524416793632324
0.00840394354466285
-0.0193006248486081
-0.0624773208354127
-0.167315453107072
0.0960711295797533
0.0700628369913265
0.0216668733133687
-0.0321329282756948
-0.080889443129688
-0.10678825468016
0.144517550061621
0.0805256068358441
0.0197255595482911
-0.0304004623846557
-0.0910413145894066
-0.1548193163524
0.119665283367036
0.0696980591874996
0.0230151734602646
-0.0335552781515321
-0.0802339560281565
-0.13068698177555
0.125343708090369
0.0729218507622847
0.0254806072969065
-0.0361228418047096
-0.0836139150516434
-0.135612841547652
0.0182409049549728
0.00805296477824856
-0.000371927865160069
-0.0118478079260245
-0.0202259562831829
-0.0305312956287744
0.0204290552619573
0.00695457991933845
-0.00219761924428553
-0.00999782082298594
-0.0191756069399393
-0.0325548268508717
0.0161125802245505
0.00993959131279333
-0.00119407091575309
-0.0110035987873495
-0.0221250205881742
-0.0284685935280484
0.0204494983274862
0.00544043230253739
-0.00275592630112483
-0.00945206810228251
-0.0177015643720339
-0.0324866954772629
0.0262802472938417
0.0148123868033402
0.00266096717047897
-0.0147893163499771
-0.026960810529834
-0.0384711123025395
0.0132696471409803
0.0227270508691263
0.00297048905162619
-0.015330112887849
-0.0347475428393406
-0.025304278328732
0.144940817569689
0.0468106714899659
0.00878664158667333
-0.021039392516689
-0.0591502830513412
-0.158821536300499
0.0958525326266133
0.0665809468818636
0.0213892016290539
-0.0335179720581614
-0.0786767280834973
-0.106361336733312
0.134165609124136
0.0765528034827018
0.0176231293779227
-0.029782995532062
-0.0887340845578307
-0.147554045854056
0.121985930011813
0.0717176528204933
0.0230357414421654
-0.0351899743556491
-0.0837520835851265
-0.133479488100653
0.124153884179519
0.073798926379602
0.0211842593394232
-0.0333408157963971
-0.0858031464948815
-0.136493799784993
0.0168638696020388
0.0100136321408433
-0.00480398356941032
-0.00897742438359165
-0.0237713415558483
-0.030646880841841
0.0210038319026346
0.000806529485337637
0.00332075766880593
-0.0170304921333665
-0.0147728725092072
-0.034760515068784
0.0129823848320318
0.0185699799702361
-0.00895619267782639
-0.00503590878218116
-0.0318837741580643
-0.0267306006768465
0.021976511943356
-0.00817066271330907
-0.00254674739358674
-0.010921366715793
-0.00628414057874995
-0.035855219673081
0.0241135922771532
0.0202655286363427
4.74464148575736e-05
-0.014192696698052
-0.0332180809800395
-0.0377463900650717
0.0100628283052648
0.00570967836837576
0.0180628720423229
-0.0319733620166268
-0.0194584396324801
-0.0243814837480489
0.151793081201392
0.0528281166153595
-0.0176522833138122
0.00499810425418458
-0.0677242480013339
-0.165178879562129
0.0902528505449363
0.0819961066273575
0.0369676499219322
-0.0511970786686442
-0.0953649457543875
-0.103762570585826
0.135855143294278
0.0661492199645462
0.0167381854819002
-0.0303733510574793
-0.0794490771267219
-0.149894142968718
0.120781653137766
0.0800743793953267
0.0163526729495445
-0.0298205451279427
-0.0942930394190362
-0.134192432312184
0.123691272580636
0.0687019046823844
0.0253870200758054
-0.039136089838031
-0.0821785389062417
-0.137469397706952
