0.0307889760131316
0.0311596798037457
0.0328001111460055
0.0307461378876576
0.0323436867705435
0.0305239162618434
0.0813074147557992
0.0844996404225023
0.0697124249247849
0.0767810656116672
0.0807575045090495
0.0819177122300487
0.0808868310769421
0.0702973699682631
0.100502631369925
0.0864221293259399
0.0773687638406668
0.0797888038259435
0.197805607482511
0.213407195597905
0.130157767948904
0.152005018891434
0.203231570972814
0.199373452269502
0.137383666599379
0.0858823616128108
0.191689258384517
0.159742085398894
0.0999389258588293
0.135312845322428
0.426217270135985
0.333527859356286
0.279403452254842
0.317486804926942
0.312386604378334
0.432483675700364
0.458320793561879
0.530277995484269
0.524564773322149
0.494405334070645
0.548826373271782
0.451693733916052
0.692275683702061
0.635386183994164
0.63317606916575
0.650302645803117
0.62428862723276
0.696623166264615
0.817100546915386
0.839892395237846
0.831602640453234
0.825951164120388
0.843764323359456
0.815262209448077
0.0319469703382226
0.029559819275132
0.0332260859485118
0.0329983016058496
0.0295266853407582
0.0317817379078288
0.0821162251847261
0.0724973909159169
0.0682562018600515
0.0683185021811169
0.0725158354321316
0.0826792103964826
0.0746324211318081
0.101009001117912
0.0986990374737081
0.0988995495543817
0.101078365691071
0.0734694051698309
0.207268288000989
0.146157946895505
0.138065683041416
0.137580380722297
0.145886643323236
0.208880732580929
0.094550443706154
0.12378614483083
0.136123708609102
0.135808111124888
0.127107517544199
0.0926223478199951
0.324340474907981
0.324080828037413
0.302626344790111
0.299765236941615
0.325614275568764
0.320709441888101
0.537642226664349
0.470308718014128
0.476279578370569
0.478033407171163
0.468893239202837
0.542120967161442
0.631509176793223
0.663680716822146
0.652571583880501
0.651862963655894
0.664673773813852
0.628273063335087
0.841088920008069
0.832577667716656
0.831239551758748
0.831156130578118
0.832168381364555
0.842486958939991
0.031491860441791
0.033075983775324
0.033533278283543
0.0334192823419228
0.0331475233292971
0.0317170060979359
0.073942302862469
0.0683768846240891
0.0673242321151486
0.0675889328685759
0.0682180151241009
0.0733174175321669
0.0920493498867489
0.0986381670466716
0.0942269088818008
0.0936937246002162
0.0988301851797721
0.0935614967271804
0.143552747179968
0.138076512073983
0.127195230203711
0.128117060402322
0.137810573125462
0.140964751064815
0.172255607885648
0.136402361618756
0.147181861855004
0.14630558200397
0.134706745702433
0.175322419684276
0.296704333340533
0.302394563613551
0.28939015997383
0.292162168769028
0.299807666521724
0.303708693282728
0.512267606733161
0.476514465455473
0.467215177454427
0.465573541019454
0.478065108505541
0.504320340335917
0.639604444948669
0.652631492320777
0.648627448574536
0.649522789241715
0.651749288954107
0.644676072670257
0.82958850322817
0.831054167796481
0.825681639083704
0.825279782187266
0.831361680880567
0.827785949975344
0.0319659504407948
0.0332336430132596
0.0334050318552263
0.0335303723943716
0.0331026507447918
0.0317626956028828
0.072448733857284
0.0681450050796578
0.0676012188176662
0.0673296515258942
0.0683570444188907
0.073299296795076
0.0955412344475923
0.0989458530236643
0.0936811280298722
0.0941771976135035
0.0987628271477941
0.0931386119043536
0.137185308852403
0.137836511972191
0.128097525477619
0.127275960638036
0.137752116716653
0.141616227998571
0.181785192324993
0.134563832899495
0.14630042301478
0.146805122974961
0.137240525107841
0.175010951684095
0.300639769333263
0.300056782253262
0.292037966437709
0.289295436405917
0.302496493795695
0.293720802356731
0.505583471067003
0.478062253306989
0.465632208475218
0.467277095708806
0.476300789413915
0.514288980907552
0.644416753100969
0.651728718035361
0.649539538948324
0.648598809675012
0.652694002997399
0.638753416370022
0.827846540663823
0.831302562224189
0.82529129180416
0.825688106754185
0.831051612952925
0.829782626978457
0.0317807192920062
0.0295577723951059
0.0331746848255448
0.033127766103387
0.0296145180228138
0.0319647980101615
0.0825615283102076
0.0724664445854634
0.0682294819309277
0.0682969180911631
0.0724746763960023
0.0818831428369634
0.0737374901091976
0.100931391331222
0.098882669185382
0.0988190606269763
0.100793331633892
0.0755585654116305
0.208499012887345
0.146438808477051
0.137801230303729
0.137676772040836
0.146885307690258
0.205458268179958
0.0927015422417485
0.125087849870559
0.134959780079078
0.137686312585281
0.121553885152848
0.0972443237363947
0.321353478988074
0.325222419229427
0.300241612341157
0.302621413334677
0.324038783751007
0.323513437075959
0.541094499777402
0.46979817645333
0.477736834076164
0.476142645590873
0.470313206001061
0.538000593672428
0.629066524628781
0.664135183281689
0.651841414425858
0.652671424463176
0.6636900511605
0.631252241932771
0.842147808674198
0.832157374121701
0.831265578920366
0.831218691694398
0.832614984120234
0.841310566215544
0.0306227952651183
0.0317556793696323
0.0317385768792556
0.0318267583728364
0.0317735549217054
0.0305859315674228
0.0817937555590211
0.0827595122089121
0.07311513110359
0.0730514369817886
0.0825396621309253
0.081779650915288
0.079927093572896
0.0735249829145012
0.0938910510827342
0.0938457842907138
0.07395757415556
0.0799828143770041
0.199481107546375
0.208899501925196
0.139920426328032
0.140800351900228
0.207867420784327
0.199203817198572
0.13458326888878
0.0920237421505497
0.17728150432334
0.176665183746511
0.0932266146425816
0.135923603136521
0.429360770848468
0.322766723637029
0.303095012680215
0.288818613865129
0.330533484542894
0.426779600168936
0.455950278708445
0.539393381708339
0.504184112634659
0.519455346215908
0.531573757479888
0.457950945663444
0.693754971215447
0.630005249941516
0.645167734562923
0.635547774111836
0.634899093361725
0.692400913975821
0.816451023735836
0.841701946514643
0.82786187129423
0.830681950450147
0.840056311060589
0.816916284602511
