0.017848626321869
0.0191653917805252
0.0204966494996405
0.0213933744246757
0.0214660233697526
0.0217020474803947
0.0218681817298427
0.0212218544145156
0.0220146202750617
0.0223262443417588
0.0237936414613521
0.0260285673612357
0.013888192276752
0.017320834677662
0.0154894384717001
0.0173429616966386
0.0193128213358082
0.0172344847166558
0.022968644737105
0.0209149526960191
0.0264989529419449
0.025740696131702
0.0238011483279567
0.0276214083762348
0.0248809230004461
0.0277661945655904
0.0130011628603922
0.0155057638576896
0.0293635173119355
0.0281854482999071
0.0109639861379464
0.0127866356853117
0.0193992197482619
0.0175332440494701
0.0164718568762311
0.0151776310812597
0.153076958828771
0.148885086788478
0.156350211900168
0.158347720837211
0.14894138986905
0.157855692518189
0.0911997347591481
0.094623579125714
0.0977341696726063
0.0973027499298967
0.0992124364326129
0.0940251377342115
0.13654913826272
0.136481884638883
0.144753190113243
0.146688007451455
0.137090877612759
0.141187700567199
0.121772773319586
0.122171237499408
0.121208066657619
0.121069193652084
0.125530209221707
0.125284789617127
0.124505690714666
0.125358925280308
0.125713180906031
0.12698803829325
0.127192939193961
0.128542296155104
0.0108369656691353
0.00896849984140989
0.0103631677535007
0.0110547043891239
0.0112644024124561
0.0148528325026035
0.0019141024027736
0.00778071082357147
0.0103979179358519
0.0110516134509487
0.010209770908596
0.00563772828281847
0.0191243327284707
0.0109348073651939
0.009184756976852
0.0101369134706261
0.0131623209822698
0.0234096642898238
-0.00653213264904007
0.00630547817848969
0.00868038913428571
0.00924053161163798
0.00878413457999523
-0.00322089766571559
0.0200028011924425
0.0157233403385438
0.0108184453701607
0.0119548215933765
0.0179250754335788
0.0244414600650927
0.00793236761328725
0.0232854742302966
0.0243068651293137
0.0248352034250915
0.026128202371857
0.0120057808320122
0.0530090815046773
0.0476836520535649
0.0529271578114086
0.0533187250606413
0.0505929416781208
0.0558612869317824
0.0839366666365842
0.0675825702764928
0.0709491187820279
0.0720540076584592
0.0695560250116659
0.0883320290359129
0.0659258203795472
0.0773564462202701
0.0814601406468076
0.0820033591911562
0.0799077996393686
0.069648790496875
0.0817135602610298
0.0726107856485081
0.0704097270785246
0.0713975079904558
0.0747191308752133
0.0855442394755573
0.0695104514837236
0.0743401835136996
0.0743057118017056
0.0745648323009798
0.07707108278231
0.0732247711212701
-0.00384389582009288
0.000524713427671665
0.000876385811235915
0.00296985916828247
0.00413892235010331
-0.00119621283591992
-0.000223996818455509
0.000627586139068249
0.00106076217416441
0.00816845998108649
-0.00781968549159177
-0.000424788795035169
0.000651150644674534
0.00129336227926168
0.00204780947840165
-0.00416198800276995
-0.00219728621528712
-0.00163465430463656
-0.00201276041915448
-0.0010454310387352
0.000536353341674899
0.0021510294401417
0.00206020583363956
0.00329269339447972
0.00540246786082913
0.00597875626409478
0.00573183056192913
0.00567619582669048
0.0175613841001781
0.00420440821206253
0.00488893743311002
0.00582390106265918
0.00653535419734358
0.0205330827934143
-0.0153134550566015
0.00981475360369044
0.00954612789151557
0.0107406858660028
0.0117665649067512
-0.00966399461452759
0.0363012600864927
0.0220013393593748
0.0225461680059058
0.0230642332585196
0.0246993409401603
0.0389407003069198
0.0192468776449817
0.0186874355842263
0.0205945491626952
0.0215080779075362
0.0207763526505687
0.0237527436308882
0.0162912922869693
0.0237758030501025
0.0239252496596222
0.0246526666703944
0.026227239934469
0.019931669054699
0.0263981336647027
0.0224497382019402
0.0260235135099349
0.0271524480786289
0.0244615620364831
0.0304465356744796
-0.00805251594370397
-0.010891622249278
-0.00887714710927452
-0.00806165713795684
-0.00863318338418042
-0.00412785754428676
-0.0162365630986882
-0.00919091133595466
-0.00855425626664097
-0.00790966496608883
-0.00675557227849806
-0.0122195826071401
-0.00385678387084439
-0.00993962806924137
-0.0095082172344635
-0.0084917975414628
-0.00770840584882969
-0.000102545612827987
-0.0101492005122113
-0.00874486117633008
-0.0067255063656326
-0.00626089939002686
-0.00623384642393561
-0.00598829260949967
-0.0136338001739022
-0.0135795879293345
-0.0143611074134742
-0.0131260881775814
-0.0114296019591002
-0.0100372251385892
-0.0294275740721239
-0.0145545814491106
-0.0137195451541435
-0.013026011688991
-0.0122961365355923
-0.0247817037861555
0.0026842889479983
-0.0202314882349686
-0.018181942279127
-0.0180876247388061
-0.0176237450297515
0.0061828032859833
-0.0477000868729094
-0.0323896966744777
-0.0314064743960913
-0.0302665690217097
-0.030369293958282
-0.0432654118975884
-0.0312373605389999
-0.0290520525241911
-0.0293520320228446
-0.0288025758050495
-0.0265316596104997
-0.0280321032754887
-0.0282853596425756
-0.0340472687444949
-0.0327879222518815
-0.0318705965645027
-0.0319136102967679
-0.0239837087862509
-0.0382150239995893
-0.032847982034723
-0.0347403180321629
-0.0344082065166694
-0.0302631617244898
-0.0346395606715435
-0.0228770944627739
-0.0193715479018649
-0.0190826036199651
-0.0183618528551065
-0.0169511013883246
-0.0189050999049951
-0.0136226177465463
-0.0181495295064897
-0.0192417065130489
-0.0183075336880203
-0.0158951754274643
-0.00999442985293378
-0.0314691743677349
-0.0213579352970112
-0.0179481160152597
-0.0173733533930031
-0.0188787845387509
-0.0269106571300135
-0.00484542949709268
-0.0166236444164029
-0.0175482340379884
-0.0164822996401586
-0.0142967389596882
-0.00187367138186912
-0.0324777384853228
-0.0263213440162607
-0.0195633757690091
-0.0191500961094651
-0.023875411723224
-0.027419798482943
-0.0198265750341269
-0.0337460763991181
-0.0330222917782949
-0.0322399040324328
-0.031415670929961
-0.0166587366741027
-0.0641296993061024
-0.0575981771743505
-0.0619691690010559
-0.0607005661635112
-0.0558786546311424
-0.0604754761341851
-0.0959911718588915
-0.0780159248021349
-0.0797345023909671
-0.0792076125971899
-0.0755015680424276
-0.092714318531969
-0.0779938014111926
-0.0876227424682725
-0.0902495420596556
-0.0893769995335638
-0.0855362999859146
-0.0733880895834213
-0.0932849418829104
-0.083017178220068
-0.0792706942496459
-0.0785187368372919
-0.0805790700065697
-0.0900260273633645
-0.081513148977801
-0.0846526293153309
-0.0830758672282136
-0.0820867291070026
-0.0824572382003639
-0.0774214130365212
-0.029753428629765
-0.0295273370496593
-0.0293768427614167
-0.0285467824196344
-0.0271894345812276
-0.0258832844406987
-0.0338806374469449
-0.031721293111669
-0.0306010704293311
-0.0299720785568643
-0.0292748045239717
-0.0297942444024981
-0.0258135520576046
-0.0274416964255912
-0.0247386617865785
-0.0237907539939315
-0.0251661783901394
-0.0222073474225124
-0.034812680540098
-0.0316361553782743
-0.0348427994288595
-0.0341166272019513
-0.029290131105134
-0.0304818880342514
-0.0371689948134093
-0.0378660891319902
-0.0221825407508992
-0.021277890104591
-0.0353641532317756
-0.0334920884540998
-0.0231040402315681
-0.0229045669875609
-0.0272882463056064
-0.0274362243045842
-0.0205400924565776
-0.0189596313847172
-0.164266132898422
-0.159098202958893
-0.166591150001077
-0.162636905264139
-0.158170745655082
-0.160769412032894
-0.103389401545794
-0.105344528052265
-0.105234300604176
-0.106794773668759
-0.102374668385512
-0.0992243216314218
-0.148380380034353
-0.146313172494371
-0.15426302686351
-0.152870489502059
-0.144069350545482
-0.144992375429338
-0.133631572952166
-0.132989188500839
-0.129334976982978
-0.129079680078999
-0.130600083240548
-0.129537487873512
-0.136405948040299
-0.135537375550315
-0.134832770041718
-0.133811871142266
-0.133338443254789
-0.132582903062065
