3.13122181246877e-05
6.25305934378111e-05
6.2561874375001e-05
6.25618743750021e-05
6.25618743750011e-05
6.25618743750009e-05
6.25618743750031e-05
6.2561874374999e-05
6.25618743749987e-05
6.25305934378153e-05
3.13122181246889e-05
3.13125312500013e-05
6.25312187500011e-05
6.25625000000005e-05
6.2562500000001e-05
6.2562500000002e-05
6.25625000000009e-05
6.25625000000001e-05
6.25624999999986e-05
6.25624999999999e-05
6.2531218750003e-05
3.13125312500013e-05
3.13125312500011e-05
6.25312187499997e-05
6.2562499999999e-05
6.2562499999997e-05
6.2562499999999e-05
6.25625000000059e-05
6.25625000000051e-05
6.25625000000006e-05
6.25625000000015e-05
6.25312187500026e-05
3.13125312500009e-05
3.13125312499994e-05
6.25312187499999e-05
6.25624999999999e-05
6.25624999999968e-05
6.25624999999991e-05
6.2562500000006e-05
6.25625000000047e-05
6.25625000000007e-05
6.25625000000001e-05
6.25312187500011e-05
3.13125312499999e-05
3.13125312499997e-05
6.25312187499985e-05
6.25624999999985e-05
6.25624999999988e-05
6.2562500000001e-05
6.25625000000022e-05
6.25625000000012e-05
6.25625000000012e-05
6.25625000000002e-05
6.25312187500006e-05
3.13125312500009e-05
3.13125312500001e-05
6.25312187499986e-05
6.25624999999986e-05
6.25625000000019e-05
6.25625000000008e-05
6.25624999999983e-05
6.2562500000001e-05
6.25625000000041e-05
6.25625000000028e-05
6.25312187499993e-05
3.13125312499997e-05
3.13125312500002e-05
6.25312187500002e-05
6.25624999999992e-05
6.25625000000001e-05
6.25625000000011e-05
6.25624999999994e-05
6.25624999999999e-05
6.25625000000028e-05
6.25625000000028e-05
6.25312187500005e-05
3.13125312500007e-05
3.13125312500009e-05
6.25312187500033e-05
6.25625000000021e-05
6.25625000000008e-05
6.25624999999996e-05
6.25624999999996e-05
6.25625e-05
6.25624999999998e-05
6.25624999999988e-05
6.25312187499985e-05
3.13125312500009e-05
3.1296874984377e-05
6.24999531406268e-05
6.25312187500025e-05
6.25312187500016e-05
6.2531218749998e-05
6.25312187500003e-05
6.25312187500025e-05
6.25312187500012e-05
6.25312187499974e-05
6.2499953140622e-05
3.12968749843743e-05
1.56719218906255e-05
3.12968749843731e-05
3.13125312499986e-05
3.13125312499996e-05
3.13125312499983e-05
3.13125312500003e-05
3.13125312500012e-05
3.13125312500008e-05
3.13125312500004e-05
3.12968749843742e-05
1.56719218906244e-05
6.25305934378146e-05
0.000124873782499688
0.000124936250625
0.000124936250625
0.000124936250625
0.000124936250625
0.000124936250625
0.000124936250625
0.000124936250625
0.000124873782499688
6.25305934378124e-05
6.25312187500019e-05
0.00012487503125
0.0001249375
0.0001249375
0.0001249375
0.0001249375
0.0001249375
0.0001249375
0.0001249375
0.00012487503125
6.25312187499996e-05
6.25312187500016e-05
0.00012487503125
0.0001249375
0.0001249375
0.0001249375
0.0001249375
0.0001249375
0.0001249375
0.0001249375
0.00012487503125
6.253121875e-05
6.25312187499988e-05
0.00012487503125
0.0001249375
0.0001249375
0.0001249375
0.0001249375
0.0001249375
0.0001249375
0.0001249375
0.00012487503125
6.25312187499997e-05
6.25312187499995e-05
0.00012487503125
0.0001249375
0.0001249375
0.0001249375
0.0001249375
0.0001249375
0.0001249375
0.0001249375
0.00012487503125
6.25312187500031e-05
6.25312187500008e-05
0.00012487503125
0.0001249375
0.0001249375
0.0001249375
0.0001249375
0.0001249375
0.0001249375
0.0001249375
0.00012487503125
6.25312187500014e-05
6.25312187500024e-05
0.00012487503125
0.0001249375
0.0001249375
0.0001249375
0.0001249375
0.0001249375
0.0001249375
0.0001249375
0.00012487503125
6.25312187500005e-05
6.25312187500027e-05
0.00012487503125
0.0001249375
0.0001249375
0.0001249375
0.0001249375
0.0001249375
0.0001249375
0.0001249375
0.00012487503125
6.25312187500015e-05
6.24999531406279e-05
0.000124812593734375
0.00012487503125
0.00012487503125
0.00012487503125
0.00012487503125
0.00012487503125
0.00012487503125
0.00012487503125
0.000124812593734375
6.24999531406248e-05
3.12968749843765e-05
6.24999531406242e-05
6.25312187500003e-05
6.25312187499971e-05
6.25312187499977e-05
6.25312187500032e-05
6.25312187500032e-05
6.25312187500005e-05
6.25312187500006e-05
6.24999531406252e-05
3.1296874984375e-05
6.25618743750013e-05
0.000124936250625
0.00012499875
0.00012499875
0.00012499875
0.00012499875
0.00012499875
0.00012499875
0.00012499875
0.000124936250625
6.25618743749999e-05
6.25624999999999e-05
0.0001249375
0.000125
0.000125
0.000125
0.000125
0.000125
0.000125
0.000125
0.0001249375
6.25625e-05
6.25625000000006e-05
0.0001249375
0.000125
0.000125
0.000125
0.000125
0.000125
0.000125
0.000125
0.0001249375
6.25624999999993e-05
6.25625000000015e-05
0.0001249375
0.000125
0.000125
0.000125
0.000125
0.000125
0.000125
0.000125
0.0001249375
6.25624999999993e-05
6.25625000000012e-05
0.0001249375
0.000125
0.000125
0.000125
0.000125
0.000125
0.000125
0.000125
0.0001249375
6.25625000000027e-05
6.25625000000005e-05
0.0001249375
0.000125
0.000125
0.000125
0.000125
0.000125
0.000125
0.000125
0.0001249375
6.25625000000027e-05
6.25625000000016e-05
0.0001249375
0.000125
0.000125
0.000125
0.000125
0.000125
0.000125
0.000125
0.0001249375
6.25624999999998e-05
6.2562500000002e-05
0.0001249375
0.000125
0.000125
0.000125
0.000125
0.000125
0.000125
0.000125
0.0001249375
6.25625e-05
6.25312187500054e-05
0.00012487503125
0.0001249375
0.0001249375
0.0001249375
0.0001249375
0.0001249375
0.0001249375
0.0001249375
0.00012487503125
6.25312187499999e-05
3.13125312500031e-05
6.25312187499996e-05
6.25625000000006e-05
6.25625000000007e-05
6.25625000000025e-05
6.25625000000071e-05
6.2562500000004e-05
6.25625000000016e-05
6.25625000000013e-05
6.25312187499982e-05
3.13125312499978e-05
6.2561874375002e-05
0.000124936250625
0.00012499875
0.00012499875
0.00012499875
0.00012499875
0.00012499875
0.00012499875
0.00012499875
0.000124936250625
6.2561874375e-05
6.2562500000002e-05
0.0001249375
0.000125
0.000125
0.000125
0.000125
0.000125
0.000125
0.000125
0.0001249375
6.25625e-05
6.25625000000006e-05
0.0001249375
0.000125
0.000125
0.000125
0.000125
0.000125
0.000125
0.000125
0.0001249375
6.2562499999999e-05
6.25625000000005e-05
0.0001249375
0.000125
0.000125
0.000125
0.000125
0.000125
0.000125
0.000125
0.0001249375
6.25624999999992e-05
6.25625000000002e-05
0.0001249375
0.000125
0.000125
0.000125
0.000125
0.000125
0.000125
0.000125
0.0001249375
6.25625000000001e-05
6.25625e-05
0.0001249375
0.000125
0.000125
0.000125
0.000125
0.000125
0.000125
0.000125
0.0001249375
6.25625000000001e-05
6.25624999999991e-05
0.0001249375
0.000125
0.000125
0.000125
0.000125
0.000125
0.000125
0.000125
0.0001249375
6.25625000000001e-05
6.2562499999999e-05
0.0001249375
0.000125
0.000125
0.000125
0.000125
0.000125
0.000125
0.000125
0.0001249375
6.2562499999999e-05
6.25312187500034e-05
0.00012487503125
0.0001249375
0.0001249375
0.0001249375
0.0001249375
0.0001249375
0.0001249375
0.0001249375
0.00012487503125
6.2531218749999e-05
3.13125312500026e-05
6.25312187499995e-05
6.25624999999999e-05
6.25625e-05
6.2562500000002e-05
6.25625000000032e-05
6.25625000000025e-05
6.25625000000014e-05
6.25625000000014e-05
6.25312187499987e-05
3.1312531249998e-05
6.2561874375003e-05
0.000124936250625
0.00012499875
0.00012499875
0.00012499875
0.00012499875
0.00012499875
0.00012499875
0.00012499875
0.000124936250625
6.25618743749994e-05
6.25625000000041e-05
0.0001249375
0.000125
0.000125
0.000125
0.000125
0.000125
0.000125
0.000125
0.0001249375
6.25625e-05
6.25625000000027e-05
0.0001249375
0.000125
0.000125
0.000125
0.000125
0.000125
0.000125
0.000125
0.0001249375
6.25624999999979e-05
6.25624999999999e-05
0.0001249375
0.000125
0.000125
0.000125
0.000125
0.000125
0.000125
0.000125
0.0001249375
6.25624999999979e-05
6.25624999999989e-05
0.0001249375
0.000125
0.000125
0.000125
0.000125
0.000125
0.000125
0.000125
0.0001249375
6.25625e-05
6.25625000000022e-05
0.0001249375
0.000125
0.000125
0.000125
0.000125
0.000125
0.000125
0.000125
0.0001249375
6.25624999999992e-05
6.25624999999991e-05
0.0001249375
0.000125
0.000125
0.000125
0.000125
0.000125
0.000125
0.000125
0.0001249375
6.25624999999987e-05
6.25624999999971e-05
0.0001249375
0.000125
0.000125
0.000125
0.000125
0.000125
0.000125
0.000125
0.0001249375
6.25624999999979e-05
6.25312187499999e-05
0.00012487503125
0.0001249375
0.0001249375
0.0001249375
0.0001249375
0.0001249375
0.0001249375
0.0001249375
0.00012487503125
6.25312187499975e-05
3.13125312499988e-05
6.25312187500005e-05
6.25625000000008e-05
6.25624999999994e-05
6.2562499999999e-05
6.25624999999985e-05
6.25624999999999e-05
6.25624999999989e-05
6.25624999999956e-05
6.25312187499972e-05
3.13125312499998e-05
6.2561874375002e-05
0.000124936250625
0.00012499875
0.00012499875
0.00012499875
0.00012499875
0.00012499875
0.00012499875
0.00012499875
0.000124936250625
6.25618743749994e-05
6.25625000000068e-05
0.0001249375
0.000125
0.000125
0.000125
0.000125
0.000125
0.000125
0.000125
0.0001249375
6.2562499999996e-05
6.25625000000078e-05
0.0001249375
0.000125
0.000125
0.000125
0.000125
0.000125
0.000125
0.000125
0.0001249375
6.25624999999959e-05
6.25625000000016e-05
0.0001249375
0.000125
0.000125
0.000125
0.000125
0.000125
0.000125
0.000125
0.0001249375
6.25624999999979e-05
6.25624999999986e-05
0.0001249375
0.000125
0.000125
0.000125
0.000125
0.000125
0.000125
0.000125
0.0001249375
6.25625e-05
6.25625000000022e-05
0.0001249375
0.000125
0.000125
0.000125
0.000125
0.000125
0.000125
0.000125
0.0001249375
6.25624999999964e-05
6.25625000000006e-05
0.0001249375
0.000125
0.000125
0.000125
0.000125
0.000125
0.000125
0.000125
0.0001249375
6.25624999999959e-05
6.25624999999986e-05
0.0001249375
0.000125
0.000125
0.000125
0.000125
0.000125
0.000125
0.000125
0.0001249375
6.2562499999999e-05
6.25312187500004e-05
0.00012487503125
0.0001249375
0.0001249375
0.0001249375
0.0001249375
0.0001249375
0.0001249375
0.0001249375
0.00012487503125
6.25312187499984e-05
3.13125312500004e-05
6.2531218750003e-05
6.25624999999999e-05
6.25624999999978e-05
6.25624999999967e-05
6.25624999999981e-05
6.25625000000012e-05
6.25624999999992e-05
6.25624999999957e-05
6.25312187499975e-05
3.13125312499997e-05
6.25618743749999e-05
0.000124936250625
0.00012499875
0.00012499875
0.00012499875
0.00012499875
0.00012499875
0.00012499875
0.00012499875
0.000124936250625
6.25618743749988e-05
6.25625000000041e-05
0.0001249375
0.000125
0.000125
0.000125
0.000125
0.000125
0.000125
0.000125
0.0001249375
6.2562499999995e-05
6.25625000000071e-05
0.0001249375
0.000125
0.000125
0.000125
0.000125
0.000125
0.000125
0.000125
0.0001249375
6.25624999999974e-05
6.25625000000016e-05
0.0001249375
0.000125
0.000125
0.000125
0.000125
0.000125
0.000125
0.000125
0.0001249375
6.25625000000016e-05
6.25624999999985e-05
0.0001249375
0.000125
0.000125
0.000125
0.000125
0.000125
0.000125
0.000125
0.0001249375
6.25625000000012e-05
6.25624999999999e-05
0.0001249375
0.000125
0.000125
0.000125
0.000125
0.000125
0.000125
0.000125
0.0001249375
6.25624999999969e-05
6.25625e-05
0.0001249375
0.000125
0.000125
0.000125
0.000125
0.000125
0.000125
0.000125
0.0001249375
6.25624999999981e-05
6.25625e-05
0.0001249375
0.000125
0.000125
0.000125
0.000125
0.000125
0.000125
0.000125
0.0001249375
6.25624999999991e-05
6.25312187500003e-05
0.00012487503125
0.0001249375
0.0001249375
0.0001249375
0.0001249375
0.0001249375
0.0001249375
0.0001249375
0.00012487503125
6.25312187499984e-05
3.13125312500015e-05
6.25312187500032e-05
6.25624999999998e-05
6.25624999999991e-05
6.25624999999987e-05
6.25625000000006e-05
6.25625000000019e-05
6.25625000000023e-05
6.25625000000066e-05
6.25312187500071e-05
3.13125312500006e-05
6.2561874375e-05
0.000124936250625
0.00012499875
0.00012499875
0.00012499875
0.00012499875
0.00012499875
0.00012499875
0.00012499875
0.000124936250625
6.25618743750002e-05
6.25625e-05
0.0001249375
0.000125
0.000125
0.000125
0.000125
0.000125
0.000125
0.000125
0.0001249375
6.2562499999999e-05
6.2562500000002e-05
0.0001249375
0.000125
0.000125
0.000125
0.000125
0.000125
0.000125
0.000125
0.0001249375
6.2562499999998e-05
6.2562500000002e-05
0.0001249375
0.000125
0.000125
0.000125
0.000125
0.000125
0.000125
0.000125
0.0001249375
6.25625000000009e-05
6.25625e-05
0.0001249375
0.000125
0.000125
0.000125
0.000125
0.000125
0.000125
0.000125
0.0001249375
6.25625000000007e-05
6.25624999999999e-05
0.0001249375
0.000125
0.000125
0.000125
0.000125
0.000125
0.000125
0.000125
0.0001249375
6.25624999999976e-05
6.25624999999999e-05
0.0001249375
0.000125
0.000125
0.000125
0.000125
0.000125
0.000125
0.000125
0.0001249375
6.25625000000019e-05
6.25625e-05
0.0001249375
0.000125
0.000125
0.000125
0.000125
0.000125
0.000125
0.000125
0.0001249375
6.25624999999995e-05
6.25312187499999e-05
0.00012487503125
0.0001249375
0.0001249375
0.0001249375
0.0001249375
0.0001249375
0.0001249375
0.0001249375
0.00012487503125
6.2531218749999e-05
3.1312531250001e-05
6.25312187500008e-05
6.25624999999991e-05
6.25624999999991e-05
6.25624999999993e-05
6.25625000000019e-05
6.25625000000019e-05
6.25625000000026e-05
6.25625000000079e-05
6.25312187500086e-05
3.13125312500015e-05
6.25618743750023e-05
0.000124936250625
0.00012499875
0.00012499875
0.00012499875
0.00012499875
0.00012499875
0.00012499875
0.00012499875
0.000124936250625
6.25618743750004e-05
6.25625000000014e-05
0.0001249375
0.000125
0.000125
0.000125
0.000125
0.000125
0.000125
0.000125
0.0001249375
6.25624999999997e-05
6.25625e-05
0.0001249375
0.000125
0.000125
0.000125
0.000125
0.000125
0.000125
0.000125
0.0001249375
6.25624999999994e-05
6.25625000000011e-05
0.0001249375
0.000125
0.000125
0.000125
0.000125
0.000125
0.000125
0.000125
0.0001249375
6.25625000000003e-05
6.25625000000012e-05
0.0001249375
0.000125
0.000125
0.000125
0.000125
0.000125
0.000125
0.000125
0.0001249375
6.25625000000003e-05
6.25625000000008e-05
0.0001249375
0.000125
0.000125
0.000125
0.000125
0.000125
0.000125
0.000125
0.0001249375
6.25624999999993e-05
6.25625000000008e-05
0.0001249375
0.000125
0.000125
0.000125
0.000125
0.000125
0.000125
0.000125
0.0001249375
6.25625000000007e-05
6.25625000000003e-05
0.0001249375
0.000125
0.000125
0.000125
0.000125
0.000125
0.000125
0.000125
0.0001249375
6.2562500000001e-05
6.25312187500006e-05
0.00012487503125
0.0001249375
0.0001249375
0.0001249375
0.0001249375
0.0001249375
0.0001249375
0.0001249375
0.00012487503125
6.253121875e-05
3.131253125e-05
6.253121875e-05
6.25625000000015e-05
6.25624999999994e-05
6.25624999999993e-05
6.25624999999996e-05
6.25624999999998e-05
6.25625000000018e-05
6.2562500000002e-05
6.25312187500031e-05
3.13125312500015e-05
6.25305934378147e-05
0.000124873782499688
0.000124936250625
0.000124936250625
0.000124936250625
0.000124936250625
0.000124936250625
0.000124936250625
0.000124936250625
0.000124873782499688
6.25305934378128e-05
6.25312187500013e-05
0.00012487503125
0.0001249375
0.0001249375
0.0001249375
0.0001249375
0.0001249375
0.0001249375
0.0001249375
0.00012487503125
6.25312187499997e-05
6.253121875e-05
0.00012487503125
0.0001249375
0.0001249375
0.0001249375
0.0001249375
0.0001249375
0.0001249375
0.0001249375
0.00012487503125
6.25312187499998e-05
6.25312187500015e-05
0.00012487503125
0.0001249375
0.0001249375
0.0001249375
0.0001249375
0.0001249375
0.0001249375
0.0001249375
0.00012487503125
6.253121875e-05
6.25312187500022e-05
0.00012487503125
0.0001249375
0.0001249375
0.0001249375
0.0001249375
0.0001249375
0.0001249375
0.0001249375
0.00012487503125
6.25312187500006e-05
6.25312187500014e-05
0.00012487503125
0.0001249375
0.0001249375
0.0001249375
0.0001249375
0.0001249375
0.0001249375
0.0001249375
0.00012487503125
6.25312187500007e-05
6.2531218750001e-05
0.00012487503125
0.0001249375
0.0001249375
0.0001249375
0.0001249375
0.0001249375
0.0001249375
0.0001249375
0.00012487503125
6.25312187500002e-05
6.25312187500004e-05
0.00012487503125
0.0001249375
0.0001249375
0.0001249375
0.0001249375
0.0001249375
0.0001249375
0.0001249375
0.00012487503125
6.25312187500003e-05
6.24999531406253e-05
0.000124812593734375
0.00012487503125
0.00012487503125
0.00012487503125
0.00012487503125
0.00012487503125
0.00012487503125
0.00012487503125
0.000124812593734375
6.24999531406251e-05
3.12968749843763e-05
6.24999531406256e-05
6.2531218750001e-05
6.25312187500036e-05
6.25312187500031e-05
6.25312187499969e-05
6.25312187499972e-05
6.25312187500006e-05
6.25312187500006e-05
6.24999531406261e-05
3.12968749843753e-05
3.13122181246878e-05
6.25305934378123e-05
6.2561874374997e-05
6.25618743749996e-05
6.25618743750016e-05
6.2561874375001e-05
6.25618743750008e-05
6.25618743750053e-05
6.2561874375e-05
6.25305934378117e-05
3.13122181246879e-05
3.13125312500002e-05
6.25312187499995e-05
6.25624999999971e-05
6.25624999999988e-05
6.25624999999994e-05
6.25624999999976e-05
6.25624999999988e-05
6.25625000000067e-05
6.25625000000082e-05
6.25312187500026e-05
3.13125312500001e-05
3.13125312500001e-05
6.25312187499991e-05
6.25624999999987e-05
6.25625000000001e-05
6.25624999999975e-05
6.25624999999946e-05
6.25624999999982e-05
6.25625000000032e-05
6.25625000000055e-05
6.25312187500047e-05
3.13125312500004e-05
3.13125312500001e-05
6.25312187499992e-05
6.2562499999998e-05
6.25625000000023e-05
6.25624999999995e-05
6.25624999999982e-05
6.25625000000007e-05
6.25624999999991e-05
6.25625000000015e-05
6.25312187500006e-05
3.13125312500005e-05
3.13125312500006e-05
6.25312187500012e-05
6.25624999999998e-05
6.25625000000011e-05
6.25625000000011e-05
6.25625000000012e-05
6.2562500000001e-05
6.25624999999986e-05
6.2562500000002e-05
6.25312187500006e-05
3.13125312500009e-05
3.13125312500003e-05
6.25312187499998e-05
6.25624999999973e-05
6.25624999999976e-05
6.25624999999998e-05
6.25625e-05
6.25625000000023e-05
6.2562500000004e-05
6.25625000000063e-05
6.25312187500023e-05
3.13125312500004e-05
3.13125312499997e-05
6.25312187499989e-05
6.25624999999977e-05
6.25625000000006e-05
6.25625000000024e-05
6.25625e-05
6.25625000000039e-05
6.25625000000079e-05
6.25625000000053e-05
6.25312187500013e-05
3.13125312500004e-05
3.1312531249999e-05
6.25312187499984e-05
6.25625e-05
6.25625000000024e-05
6.25625000000043e-05
6.25625000000011e-05
6.25625000000009e-05
6.25625000000063e-05
6.25625000000054e-05
6.25312187500031e-05
3.13125312500006e-05
3.12968749843761e-05
6.24999531406273e-05
6.25312187499994e-05
6.25312187500002e-05
6.25312187500022e-05
6.25312187500004e-05
6.25312187499984e-05
6.25312187500022e-05
6.25312187500028e-05
6.24999531406292e-05
3.12968749843758e-05
1.56719218906264e-05
3.12968749843766e-05
3.13125312499995e-05
3.1312531250002e-05
3.13125312500008e-05
3.13125312499986e-05
3.13125312499992e-05
3.13125312499984e-05
3.13125312499988e-05
3.12968749843749e-05
1.56719218906245e-05
1.56719218906251e-05
3.12968749843755e-05
3.13125312500002e-05
3.13125312499998e-05
3.13125312499998e-05
3.13125312499995e-05
3.1312531249999e-05
3.13125312499986e-05
3.13125312500012e-05
3.12968749843789e-05
1.56719218906259e-05
3.12968749843746e-05
6.24999531406244e-05
6.25312187499997e-05
6.25312187500003e-05
6.25312187500003e-05
6.25312187499998e-05
6.25312187499999e-05
6.25312187499984e-05
6.2531218750002e-05
6.24999531406272e-05
3.12968749843746e-05
3.13125312499994e-05
6.25312187499987e-05
6.25625000000001e-05
6.25624999999986e-05
6.25625000000013e-05
6.25625000000029e-05
6.25624999999995e-05
6.25625000000003e-05
6.25625000000006e-05
6.25312187499988e-05
3.13125312499994e-05
3.13125312499998e-05
6.25312187499963e-05
6.25624999999974e-05
6.25625e-05
6.25625000000025e-05
6.25625000000019e-05
6.25624999999993e-05
6.25625000000001e-05
6.25625000000006e-05
6.25312187500015e-05
3.13125312500006e-05
3.13125312500003e-05
6.25312187499993e-05
6.25625000000012e-05
6.2562500000003e-05
6.2562500000004e-05
6.25625000000044e-05
6.25625000000006e-05
6.25624999999953e-05
6.25624999999986e-05
6.25312187500056e-05
3.1312531250003e-05
3.131253125e-05
6.25312187500028e-05
6.2562500000008e-05
6.25625000000035e-05
6.25625000000023e-05
6.25625000000018e-05
6.2562499999998e-05
6.25624999999942e-05
6.25624999999987e-05
6.25312187500044e-05
3.13125312500031e-05
3.131253125e-05
6.253121875e-05
6.25625000000038e-05
6.25625000000038e-05
6.2562499999999e-05
6.25624999999989e-05
6.25624999999993e-05
6.25624999999997e-05
6.2562500000003e-05
6.25312187500031e-05
3.13125312500008e-05
3.13125312499997e-05
6.253121875e-05
6.25624999999999e-05
6.25624999999998e-05
6.25625e-05
6.2562500000002e-05
6.25625000000047e-05
6.2562500000003e-05
6.25625000000027e-05
6.25312187500025e-05
3.13125312500008e-05
3.13125312499998e-05
6.25312187500019e-05
6.25625000000026e-05
6.25624999999999e-05
6.25624999999992e-05
6.2562499999999e-05
6.25625000000034e-05
6.25625000000038e-05
6.25624999999999e-05
6.25312187499982e-05
3.13125312499999e-05
3.13122181246874e-05
6.25305934378136e-05
6.25618743750015e-05
6.25618743749999e-05
6.25618743749995e-05
6.25618743749992e-05
6.25618743750017e-05
6.25618743750017e-05
6.25618743749993e-05
6.25305934378124e-05
3.13122181246875e-05
3.12968749843751e-05
6.24999531406249e-05
6.25312187499995e-05
6.25312187499976e-05
6.25312187499973e-05
6.25312187499985e-05
6.25312187499966e-05
6.25312187499959e-05
6.25312187499995e-05
6.24999531406265e-05
3.12968749843753e-05
6.2499953140625e-05
0.000124812593734375
0.00012487503125
0.00012487503125
0.00012487503125
0.00012487503125
0.00012487503125
0.00012487503125
0.00012487503125
0.000124812593734375
6.24999531406248e-05
6.253121875e-05
0.00012487503125
0.0001249375
0.0001249375
0.0001249375
0.0001249375
0.0001249375
0.0001249375
0.0001249375
0.00012487503125
6.25312187499997e-05
6.25312187500017e-05
0.00012487503125
0.0001249375
0.0001249375
0.0001249375
0.0001249375
0.0001249375
0.0001249375
0.0001249375
0.00012487503125
6.253121875e-05
6.25312187500025e-05
0.00012487503125
0.0001249375
0.0001249375
0.0001249375
0.0001249375
0.0001249375
0.0001249375
0.0001249375
0.00012487503125
6.25312187499992e-05
6.25312187500013e-05
0.00012487503125
0.0001249375
0.0001249375
0.0001249375
0.0001249375
0.0001249375
0.0001249375
0.0001249375
0.00012487503125
6.25312187500005e-05
6.25312187500015e-05
0.00012487503125
0.0001249375
0.0001249375
0.0001249375
0.0001249375
0.0001249375
0.0001249375
0.0001249375
0.00012487503125
6.25312187500006e-05
6.25312187500016e-05
0.00012487503125
0.0001249375
0.0001249375
0.0001249375
0.0001249375
0.0001249375
0.0001249375
0.0001249375
0.00012487503125
6.25312187500016e-05
6.253121875e-05
0.00012487503125
0.0001249375
0.0001249375
0.0001249375
0.0001249375
0.0001249375
0.0001249375
0.0001249375
0.00012487503125
6.25312187500045e-05
6.25305934378126e-05
0.000124873782499688
0.000124936250625
0.000124936250625
0.000124936250625
0.000124936250625
0.000124936250625
0.000124936250625
0.000124936250625
0.000124873782499688
6.25305934378154e-05
3.13125312499994e-05
6.25312187499989e-05
6.25625e-05
6.25624999999989e-05
6.2562499999999e-05
6.25625000000006e-05
6.25624999999983e-05
6.25624999999974e-05
6.25625000000007e-05
6.25312187500008e-05
3.13125312499993e-05
6.253121875e-05
0.00012487503125
0.0001249375
0.0001249375
0.0001249375
0.0001249375
0.0001249375
0.0001249375
0.0001249375
0.00012487503125
6.25312187499979e-05
6.25625e-05
0.0001249375
0.000125
0.000125
0.000125
0.000125
0.000125
0.000125
0.000125
0.0001249375
6.25624999999997e-05
6.25625000000001e-05
0.0001249375
0.000125
0.000125
0.000125
0.000125
0.000125
0.000125
0.000125
0.0001249375
6.25624999999998e-05
6.25625000000011e-05
0.0001249375
0.000125
0.000125
0.000125
0.000125
0.000125
0.000125
0.000125
0.0001249375
6.25624999999989e-05
6.25625000000014e-05
0.0001249375
0.000125
0.000125
0.000125
0.000125
0.000125
0.000125
0.000125
0.0001249375
6.25624999999994e-05
6.25625000000013e-05
0.0001249375
0.000125
0.000125
0.000125
0.000125
0.000125
0.000125
0.000125
0.0001249375
6.25624999999998e-05
6.25625000000012e-05
0.0001249375
0.000125
0.000125
0.000125
0.000125
0.000125
0.000125
0.000125
0.0001249375
6.25625000000006e-05
6.25625e-05
0.0001249375
0.000125
0.000125
0.000125
0.000125
0.000125
0.000125
0.000125
0.0001249375
6.25625000000023e-05
6.25618743750001e-05
0.000124936250625
0.00012499875
0.00012499875
0.00012499875
0.00012499875
0.00012499875
0.00012499875
0.00012499875
0.000124936250625
6.25618743750035e-05
3.13125312500009e-05
6.25312187499997e-05
6.25625000000001e-05
6.25625e-05
6.25624999999992e-05
6.25624999999996e-05
6.25624999999979e-05
6.25625000000008e-05
6.25625000000027e-05
6.25312187499996e-05
3.13125312499968e-05
6.25312187500019e-05
0.00012487503125
0.0001249375
0.0001249375
0.0001249375
0.0001249375
0.0001249375
0.0001249375
0.0001249375
0.00012487503125
6.25312187499923e-05
6.25625e-05
0.0001249375
0.000125
0.000125
0.000125
0.000125
0.000125
0.000125
0.000125
0.0001249375
6.25624999999981e-05
6.25625e-05
0.0001249375
0.000125
0.000125
0.000125
0.000125
0.000125
0.000125
0.000125
0.0001249375
6.25624999999987e-05
6.25624999999999e-05
0.0001249375
0.000125
0.000125
0.000125
0.000125
0.000125
0.000125
0.000125
0.0001249375
6.25624999999965e-05
6.25625e-05
0.0001249375
0.000125
0.000125
0.000125
0.000125
0.000125
0.000125
0.000125
0.0001249375
6.25624999999985e-05
6.2562500000002e-05
0.0001249375
0.000125
0.000125
0.000125
0.000125
0.000125
0.000125
0.000125
0.0001249375
6.25624999999997e-05
6.25625000000025e-05
0.0001249375
0.000125
0.000125
0.000125
0.000125
0.000125
0.000125
0.000125
0.0001249375
6.25624999999997e-05
6.25625000000026e-05
0.0001249375
0.000125
0.000125
0.000125
0.000125
0.000125
0.000125
0.000125
0.0001249375
6.25624999999993e-05
6.25618743750027e-05
0.000124936250625
0.00012499875
0.00012499875
0.00012499875
0.00012499875
0.00012499875
0.00012499875
0.00012499875
0.000124936250625
6.25618743750015e-05
3.13125312500008e-05
6.25312187499993e-05
6.25625000000002e-05
6.25625000000001e-05
6.25624999999993e-05
6.2562499999999e-05
6.25624999999991e-05
6.25625000000018e-05
6.2562500000005e-05
6.25312187500027e-05
3.1312531249999e-05
6.2531218750002e-05
0.00012487503125
0.0001249375
0.0001249375
0.0001249375
0.0001249375
0.0001249375
0.0001249375
0.0001249375
0.00012487503125
6.25312187499924e-05
6.25625e-05
0.0001249375
0.000125
0.000125
0.000125
0.000125
0.000125
0.000125
0.000125
0.0001249375
6.25624999999971e-05
6.25625e-05
0.0001249375
0.000125
0.000125
0.000125
0.000125
0.000125
0.000125
0.000125
0.0001249375
6.25624999999996e-05
6.25624999999999e-05
0.0001249375
0.000125
0.000125
0.000125
0.000125
0.000125
0.000125
0.000125
0.0001249375
6.25624999999946e-05
6.25625e-05
0.0001249375
0.000125
0.000125
0.000125
0.000125
0.000125
0.000125
0.000125
0.0001249375
6.25624999999971e-05
6.2562500000002e-05
0.0001249375
0.000125
0.000125
0.000125
0.000125
0.000125
0.000125
0.000125
0.0001249375
6.25625000000001e-05
6.2562500000004e-05
0.0001249375
0.000125
0.000125
0.000125
0.000125
0.000125
0.000125
0.000125
0.0001249375
6.25625e-05
6.25625000000046e-05
0.0001249375
0.000125
0.000125
0.000125
0.000125
0.000125
0.000125
0.000125
0.0001249375
6.2562499999999e-05
6.25618743750037e-05
0.000124936250625
0.00012499875
0.00012499875
0.00012499875
0.00012499875
0.00012499875
0.00012499875
0.00012499875
0.000124936250625
6.25618743749996e-05
3.13125312500017e-05
6.25312187499993e-05
6.25625000000001e-05
6.25625000000019e-05
6.25625000000024e-05
6.25625000000001e-05
6.25625e-05
6.25625000000037e-05
6.25625000000053e-05
6.25312187500038e-05
3.13125312500009e-05
6.25312187500037e-05
0.00012487503125
0.0001249375
0.0001249375
0.0001249375
0.0001249375
0.0001249375
0.0001249375
0.0001249375
0.00012487503125
6.25312187499971e-05
6.25625e-05
0.0001249375
0.000125
0.000125
0.000125
0.000125
0.000125
0.000125
0.000125
0.0001249375
6.25625000000008e-05
6.25624999999999e-05
0.0001249375
0.000125
0.000125
0.000125
0.000125
0.000125
0.000125
0.000125
0.0001249375
6.25625000000029e-05
6.25624999999999e-05
0.0001249375
0.000125
0.000125
0.000125
0.000125
0.000125
0.000125
0.000125
0.0001249375
6.25624999999976e-05
6.25625e-05
0.0001249375
0.000125
0.000125
0.000125
0.000125
0.000125
0.000125
0.000125
0.0001249375
6.2562499999999e-05
6.2562500000002e-05
0.0001249375
0.000125
0.000125
0.000125
0.000125
0.000125
0.000125
0.000125
0.0001249375
6.25625e-05
6.25625000000057e-05
0.0001249375
0.000125
0.000125
0.000125
0.000125
0.000125
0.000125
0.000125
0.0001249375
6.25624999999989e-05
6.2562500000006e-05
0.0001249375
0.000125
0.000125
0.000125
0.000125
0.000125
0.000125
0.000125
0.0001249375
6.2562499999998e-05
6.25618743750011e-05
0.000124936250625
0.00012499875
0.00012499875
0.00012499875
0.00012499875
0.00012499875
0.00012499875
0.00012499875
0.000124936250625
6.25618743749986e-05
3.13125312500019e-05
6.2531218749998e-05
6.25624999999987e-05
6.25625000000009e-05
6.25625000000021e-05
6.25625000000042e-05
6.25625000000042e-05
6.25625000000026e-05
6.25625000000023e-05
6.25312187500006e-05
3.13125312500006e-05
6.25312187500039e-05
0.00012487503125
0.0001249375
0.0001249375
0.0001249375
0.0001249375
0.0001249375
0.0001249375
0.0001249375
0.00012487503125
6.25312187499995e-05
6.25624999999985e-05
0.0001249375
0.000125
0.000125
0.000125
0.000125
0.000125
0.000125
0.000125
0.0001249375
6.25625000000026e-05
6.25624999999993e-05
0.0001249375
0.000125
0.000125
0.000125
0.000125
0.000125
0.000125
0.000125
0.0001249375
6.25625000000027e-05
6.25624999999998e-05
0.0001249375
0.000125
0.000125
0.000125
0.000125
0.000125
0.000125
0.000125
0.0001249375
6.25624999999999e-05
6.25624999999988e-05
0.0001249375
0.000125
0.000125
0.000125
0.000125
0.000125
0.000125
0.000125
0.0001249375
6.25625000000015e-05
6.25625000000019e-05
0.0001249375
0.000125
0.000125
0.000125
0.000125
0.000125
0.000125
0.000125
0.0001249375
6.25625000000013e-05
6.25625000000081e-05
0.0001249375
0.000125
0.000125
0.000125
0.000125
0.000125
0.000125
0.000125
0.0001249375
6.25624999999989e-05
6.25625000000054e-05
0.0001249375
0.000125
0.000125
0.000125
0.000125
0.000125
0.000125
0.000125
0.0001249375
6.2562499999998e-05
6.25618743749999e-05
0.000124936250625
0.00012499875
0.00012499875
0.00012499875
0.00012499875
0.00012499875
0.00012499875
0.00012499875
0.000124936250625
6.25618743749986e-05
3.13125312500005e-05
6.25312187499977e-05
6.2562499999999e-05
6.25624999999995e-05
6.25624999999994e-05
6.25625000000042e-05
6.25625000000061e-05
6.25625000000012e-05
6.25624999999992e-05
6.25312187499996e-05
3.13125312499998e-05
6.25312187500015e-05
0.00012487503125
0.0001249375
0.0001249375
0.0001249375
0.0001249375
0.0001249375
0.0001249375
0.0001249375
0.00012487503125
6.253121875e-05
6.25625000000027e-05
0.0001249375
0.000125
0.000125
0.000125
0.000125
0.000125
0.000125
0.000125
0.0001249375
6.25625000000012e-05
6.2562500000003e-05
0.0001249375
0.000125
0.000125
0.000125
0.000125
0.000125
0.000125
0.000125
0.0001249375
6.25625000000028e-05
6.25625000000016e-05
0.0001249375
0.000125
0.000125
0.000125
0.000125
0.000125
0.000125
0.000125
0.0001249375
6.25625000000008e-05
6.25625000000008e-05
0.0001249375
0.000125
0.000125
0.000125
0.000125
0.000125
0.000125
0.000125
0.0001249375
6.25625000000002e-05
6.25625000000025e-05
0.0001249375
0.000125
0.000125
0.000125
0.000125
0.000125
0.000125
0.000125
0.0001249375
6.25625000000017e-05
6.25625000000052e-05
0.0001249375
0.000125
0.000125
0.000125
0.000125
0.000125
0.000125
0.000125
0.0001249375
6.25625e-05
6.25625000000048e-05
0.0001249375
0.000125
0.000125
0.000125
0.000125
0.000125
0.000125
0.000125
0.0001249375
6.25624999999976e-05
6.25618743750013e-05
0.000124936250625
0.00012499875
0.00012499875
0.00012499875
0.00012499875
0.00012499875
0.00012499875
0.00012499875
0.000124936250625
6.25618743749976e-05
3.13125312500001e-05
6.253121875e-05
6.25625000000011e-05
6.2562499999999e-05
6.25624999999991e-05
6.2562499999999e-05
6.25624999999999e-05
6.25624999999991e-05
6.25624999999978e-05
6.25312187499999e-05
3.131253125e-05
6.25312187500014e-05
0.00012487503125
0.0001249375
0.0001249375
0.0001249375
0.0001249375
0.0001249375
0.0001249375
0.0001249375
0.00012487503125
6.253121875e-05
6.25625000000041e-05
0.0001249375
0.000125
0.000125
0.000125
0.000125
0.000125
0.000125
0.000125
0.0001249375
6.25624999999997e-05
6.25625000000041e-05
0.0001249375
0.000125
0.000125
0.000125
0.000125
0.000125
0.000125
0.000125
0.0001249375
6.25625000000013e-05
6.25625000000021e-05
0.0001249375
0.000125
0.000125
0.000125
0.000125
0.000125
0.000125
0.000125
0.0001249375
6.25625000000008e-05
6.25625000000034e-05
0.0001249375
0.000125
0.000125
0.000125
0.000125
0.000125
0.000125
0.000125
0.0001249375
6.25625000000002e-05
6.25625000000016e-05
0.0001249375
0.000125
0.000125
0.000125
0.000125
0.000125
0.000125
0.000125
0.0001249375
6.25625000000009e-05
6.25625000000018e-05
0.0001249375
0.000125
0.000125
0.000125
0.000125
0.000125
0.000125
0.000125
0.0001249375
6.2562499999998e-05
6.25625000000012e-05
0.0001249375
0.000125
0.000125
0.000125
0.000125
0.000125
0.000125
0.000125
0.0001249375
6.25624999999972e-05
6.2561874375e-05
0.000124936250625
0.00012499875
0.00012499875
0.00012499875
0.00012499875
0.00012499875
0.00012499875
0.00012499875
0.000124936250625
6.25618743749977e-05
3.12968749843746e-05
6.24999531406247e-05
6.25312187499986e-05
6.25312187499982e-05
6.25312187499999e-05
6.25312187499985e-05
6.25312187499996e-05
6.25312187499999e-05
6.25312187499983e-05
6.24999531406245e-05
3.12968749843753e-05
6.24999531406257e-05
0.000124812593734375
0.00012487503125
0.00012487503125
0.00012487503125
0.00012487503125
0.00012487503125
0.00012487503125
0.00012487503125
0.000124812593734375
6.2499953140625e-05
6.25312187500006e-05
0.00012487503125
0.0001249375
0.0001249375
0.0001249375
0.0001249375
0.0001249375
0.0001249375
0.0001249375
0.00012487503125
6.253121875e-05
6.25312187500006e-05
0.00012487503125
0.0001249375
0.0001249375
0.0001249375
0.0001249375
0.0001249375
0.0001249375
0.0001249375
0.00012487503125
6.253121875e-05
6.25312187500014e-05
0.00012487503125
0.0001249375
0.0001249375
0.0001249375
0.0001249375
0.0001249375
0.0001249375
0.0001249375
0.00012487503125
6.253121875e-05
6.25312187500004e-05
0.00012487503125
0.0001249375
0.0001249375
0.0001249375
0.0001249375
0.0001249375
0.0001249375
0.0001249375
0.00012487503125
6.25312187500011e-05
6.25312187499996e-05
0.00012487503125
0.0001249375
0.0001249375
0.0001249375
0.0001249375
0.0001249375
0.0001249375
0.0001249375
0.00012487503125
6.25312187500009e-05
6.253121875e-05
0.00012487503125
0.0001249375
0.0001249375
0.0001249375
0.0001249375
0.0001249375
0.0001249375
0.0001249375
0.00012487503125
6.25312187499977e-05
6.2531218749999e-05
0.00012487503125
0.0001249375
0.0001249375
0.0001249375
0.0001249375
0.0001249375
0.0001249375
0.0001249375
0.00012487503125
6.25312187499975e-05
6.25305934378113e-05
0.000124873782499688
0.000124936250625
0.000124936250625
0.000124936250625
0.000124936250625
0.000124936250625
0.000124936250625
0.000124936250625
0.000124873782499688
6.25305934378119e-05
1.5671921890625e-05
3.1296874984375e-05
3.1312531249998e-05
3.13125312499985e-05
3.13125312500008e-05
3.13125312499994e-05
3.1312531250001e-05
3.13125312500013e-05
3.13125312499987e-05
3.12968749843743e-05
1.5671921890625e-05
3.1296874984375e-05
6.24999531406266e-05
6.25312187500011e-05
6.25312187500012e-05
6.25312187500026e-05
6.25312187499996e-05
6.25312187500008e-05
6.25312187500014e-05
6.25312187499987e-05
6.24999531406246e-05
3.1296874984375e-05
3.13125312499996e-05
6.2531218750001e-05
6.25625000000034e-05
6.25625000000028e-05
6.25624999999995e-05
6.25624999999985e-05
6.25625000000056e-05
6.25625000000055e-05
6.25624999999998e-05
6.253121875e-05
3.131253125e-05
3.13125312500008e-05
6.25312187500025e-05
6.25625000000039e-05
6.25625000000043e-05
6.25624999999982e-05
6.2562499999996e-05
6.25625000000058e-05
6.25625000000056e-05
6.25624999999999e-05
6.25312187499996e-05
3.13125312499997e-05
3.13125312500009e-05
6.25312187500037e-05
6.25625000000036e-05
6.25625000000058e-05
6.25624999999996e-05
6.25624999999982e-05
6.25625000000006e-05
6.25624999999985e-05
6.25624999999999e-05
6.25312187500003e-05
3.13125312500002e-05
3.13125312499996e-05
6.25312187500003e-05
6.25625000000013e-05
6.25625000000037e-05
6.25625000000025e-05
6.25624999999996e-05
6.25625000000025e-05
6.25625000000016e-05
6.25624999999999e-05
6.25312187499986e-05
3.13125312499994e-05
3.13125312500004e-05
6.25312187500012e-05
6.25625000000009e-05
6.25625000000022e-05
6.25625000000008e-05
6.2562499999999e-05
6.25625000000019e-05
6.25625000000014e-05
6.25625000000006e-05
6.25312187499966e-05
3.13125312499982e-05
3.13125312500008e-05
6.25312187500016e-05
6.25624999999996e-05
6.25624999999985e-05
6.25625e-05
6.25625000000028e-05
6.25625000000029e-05
6.25625000000017e-05
6.25625000000021e-05
6.25312187500026e-05
3.13125312499995e-05
3.131253125e-05
6.253121875e-05
6.25624999999972e-05
6.25624999999972e-05
6.25625000000036e-05
6.25625000000034e-05
6.25625000000018e-05
6.25625000000017e-05
6.25625000000069e-05
6.25312187500072e-05
3.13125312499998e-05
3.13122181246875e-05
6.25305934378155e-05
6.25618743750016e-05
6.25618743749982e-05
6.25618743749982e-05
6.2561874375001e-05
6.25618743749991e-05
6.25618743749987e-05
6.25618743750052e-05
6.25305934378189e-05
3.13122181246881e-05
1.56565787503134e-05
3.12662346872016e-05
3.12818756249712e-05
3.12818756249128e-05
3.12818756249622e-05
3.12818756249578e-05
3.12818756249729e-05
3.12818756250226e-05
3.12818756249908e-05
3.1266234687096e-05
1.56565787502764e-05
3.12662346872605e-05
6.24387643755605e-05
6.24699993751181e-05
6.24699993749121e-05
6.24699993749337e-05
6.24699993749192e-05
6.24699993749192e-05
6.24699993749471e-05
6.24699993749075e-05
6.24387643752439e-05
3.12662346871657e-05
3.12818756250698e-05
6.2469999375219e-05
6.25012500001283e-05
6.25012500000638e-05
6.25012500000073e-05
6.25012499999781e-05
6.25012499999987e-05
6.25012500000176e-05
6.25012499999148e-05
6.24699993749002e-05
3.12818756249973e-05
3.12818756249968e-05
6.24699993750146e-05
6.25012500000146e-05
6.25012500000487e-05
6.25012500000486e-05
6.25012499999074e-05
6.25012499999178e-05
6.25012500002014e-05
6.25012500000955e-05
6.24699993749574e-05
3.12818756250021e-05
3.12818756249946e-05
6.24699993751265e-05
6.25012500001265e-05
6.25012500000486e-05
6.25012500000486e-05
6.25012499997309e-05
6.2501249999731e-05
6.25012500001631e-05
6.25012500001631e-05
6.24699993750418e-05
3.12818756250205e-05
3.12818756249719e-05
6.24699993751294e-05
6.25012500001898e-05
6.25012500002191e-05
6.25012500002117e-05
6.25012499998795e-05
6.25012499998941e-05
6.25012500000292e-05
6.25012500000645e-05
6.24699993750461e-05
3.12818756250004e-05
3.12818756249685e-05
6.24699993750661e-05
6.25012500001684e-05
6.25012500002256e-05
6.25012500003322e-05
6.25012500001484e-05
6.2501249999972e-05
6.2501249999972e-05
6.25012500000426e-05
6.24699993749058e-05
3.12818756249345e-05
3.12818756249965e-05
6.24699993749574e-05
6.25012499999783e-05
6.25012500000552e-05
6.25012500001691e-05
6.25012500001411e-05
6.25012499998399e-05
6.25012499999105e-05
6.25012500000413e-05
6.24699993749603e-05
3.12818756249881e-05
3.12818756250477e-05
6.24699993749987e-05
6.25012499999501e-05
6.25012500000706e-05
6.2501250000127e-05
6.25012500000285e-05
6.25012499998971e-05
6.2501250000003e-05
6.25012500001193e-05
6.24699993751015e-05
3.12818756250305e-05
3.12662346872345e-05
6.24387643752959e-05
6.24699993749471e-05
6.24699993750118e-05
6.24699993750505e-05
6.2469999374993e-05
6.24699993749219e-05
6.24699993749896e-05
6.24699993749605e-05
6.2438764375328e-05
3.12662346872294e-05
1.56565787503433e-05
3.12662346871941e-05
3.12818756249873e-05
3.1281875624997e-05
3.12818756249701e-05
3.12818756249934e-05
3.12818756249943e-05
3.12818756249874e-05
3.12818756249257e-05
3.12662346871338e-05
1.56565787503223e-05
1.56565787503146e-05
3.12662346871903e-05
3.12818756250534e-05
3.12818756251093e-05
3.12818756250642e-05
3.12818756250559e-05
3.12818756250296e-05
3.12818756249965e-05
3.12818756250203e-05
3.12662346873018e-05
1.56565787503645e-05
3.12662346871763e-05
6.24387643751343e-05
6.24699993749455e-05
6.24699993751014e-05
6.24699993751236e-05
6.24699993751088e-05
6.24699993751088e-05
6.24699993751057e-05
6.24699993751101e-05
6.24387643754276e-05
3.12662346872202e-05
3.12818756249857e-05
6.24699993748266e-05
6.2501249999872e-05
6.25012499999572e-05
6.25012500000073e-05
6.25012500000219e-05
6.25012500000116e-05
6.25012500000396e-05
6.25012500001705e-05
6.24699993751249e-05
3.12818756250054e-05
3.12818756250101e-05
6.24699993749927e-05
6.25012499999927e-05
6.25012499999866e-05
6.25012499999866e-05
6.25012500001631e-05
6.25012500001424e-05
6.25012499998619e-05
6.25012499999148e-05
6.24699993750852e-05
3.12818756249997e-05
3.12818756250112e-05
6.24699993749368e-05
6.25012499999367e-05
6.25012499999866e-05
6.25012499999866e-05
6.25012500003042e-05
6.25012500003042e-05
6.25012499999075e-05
6.25012499999075e-05
6.24699993749791e-05
3.12818756249901e-05
3.12818756250594e-05
6.2469999374931e-05
6.25012499998102e-05
6.25012499999014e-05
6.2501249999916e-05
6.2501250000241e-05
6.25012500002117e-05
6.25012499999853e-05
6.25012499999677e-05
6.24699993750453e-05
3.12818756250338e-05
3.1281875625066e-05
6.24699993750574e-05
6.25012499999158e-05
6.25012499999511e-05
6.25012499999087e-05
6.25012499999367e-05
6.25012500000779e-05
6.25012500000779e-05
6.25012499999897e-05
6.24699993751264e-05
3.12818756250672e-05
3.12818756250066e-05
6.24699993750852e-05
6.25012500000433e-05
6.25012500000363e-05
6.25012499999793e-05
6.25012499999294e-05
6.25012500001704e-05
6.25012500001351e-05
6.25012499999793e-05
6.24699993750882e-05
3.12818756250405e-05
3.12818756249749e-05
6.24699993750116e-05
6.25012500000779e-05
6.25012499999647e-05
6.25012499999364e-05
6.25012500000277e-05
6.25012500001838e-05
6.25012500000779e-05
6.25012499999294e-05
6.24699993749117e-05
3.12818756249772e-05
3.1266234687158e-05
6.2438764375343e-05
6.2469999375106e-05
6.24699993749985e-05
6.24699993749747e-05
6.24699993750454e-05
6.2469999375081e-05
6.24699993750428e-05
6.24699993750877e-05
6.24387643753462e-05
3.1266234687172e-05
1.56565787502947e-05
3.12662346871833e-05
3.12818756250384e-05
3.1281875625023e-05
3.12818756250408e-05
3.12818756250244e-05
3.12818756250217e-05
3.1281875625025e-05
3.1281875625075e-05
3.12662346872513e-05
1.56565787503108e-05
